18 0.6516457680250781 0.3500264079243652 0.23275862068965536 0.3543323551792634
18 0.8926332288401251 0.13533387317517334 0.2147335423197486 0.2706677463503467
17 0.8867554858934167 0.6129401978574291 0.20924764890282174 0.3897549013854766
11 0.6308777429467085 0.7107252744782242 0.16927899686520384 0.23951157246635255
11 0.4130094043887148 0.5972817370830831 0.16927899686520384 0.23951157246635255
11 0.3228840125391851 0.3264352915521835 0.16927899686520384 0.23951157246635255
11 0.17946708463949854 0.5632486758645406 0.16927899686520384 0.23951157246635255
11 0.45493730407523514 0.11550165358085848 0.15909090909090925 0.21965895342220285
11 0.6524294670846393 0.07154228284024126 0.1590909090909092 0.14308456568048253
11 0.08424764890282141 0.21547377091032668 0.15909090909090925 0.22107699763964217
17 0.25979623824451414 0.8847906415416592 0.22492163009404414 0.22107699763964217
11 0.5681818181818175 0.9348389161382353 0.16927899686520362 0.13032216772352903
11 0.8213166144200621 0.9348389161382358 0.16927899686520362 0.13032216772352903
