8 0.620698356628418 0.5157835300152118 0.2453083038330078 0.20143626286433297
6 0.6222265720367431 0.7177698428814229 0.2454838752746582 0.18985733619103065
9 0.12286980152130127 0.9048364345843976 0.24573960304260253 0.18316078186035156
8 0.8762903451919556 0.3087363609900841 0.24634203910827637 0.605258061335637
9 0.12345174404612759 0.9062186021071221 0.24067542260153252 0.1872235811673679
5 0.12007023096084599 0.5095094675638095 0.2392060518264771 0.20157180302217156
1 0.8767073154449463 0.30606491749103254 0.24658536911010742 0.6082167625427246
6 0.8776363372802735 0.7146602043738731 0.23929710388183595 0.18829609797551078
2 0.12234210968017578 0.7130756378173828 0.24468421936035156 0.1973287142240084
4 0.8772541046142578 0.10018777461187078 0.24549179077148428 0.19685238286068568
1 0.8763769116318016 0.3012673967441245 0.24549179077148428 0.19685238286068568
8 0.8772541046142579 0.510444184868281 0.24549179077148428 0.19685238286068568
1 0.6197368421052631 0.31039136302294196 0.2394736842105263 0.19163292847503371
4 0.6184210526315789 0.106612685560054 0.2421052631578947 0.20512820512820515
5 0.368859649122807 0.5141700404858299 0.24649122807017546 0.20242914979757087
7 0.3679824561403509 0.3049932523616734 0.2482456140350877 0.2078272604588394
7 0.11754385964912281 0.305668016194332 0.23508771929824562 0.19838056680161945
0 0.3719298245614035 0.10121457489878541 0.243859649122807 0.19703103913630227
0 0.11885964912280703 0.10188933873144398 0.23771929824561405 0.19838056680161942
2 0.3723421096801758 0.7157746931480172 0.24468421936035156 0.1973287142240084
9 0.37169735808121523 0.9063882094163155 0.2459385804962694 0.18722358116736756
