11 0.6653756777691712 0.12083656080557709 0.07745933384972886 0.1549186676994578
11 0.7621998450813322 0.11618540080555309 0.07745933384972886 0.1549186676994578
11 0.8520526723470178 0.12548772080560108 0.07745933384972886 0.1549186676994578
11 0.9450038729666924 0.11928617413890243 0.07745933384972886 0.1549186676994578
11 0.5639039504260264 0.12548772080560108 0.07745933384972886 0.1549186676994578
11 0.47405112316034076 0.12083656080557709 0.07745933384972886 0.1549186676994578
17 0.3648334624322231 0.11618540080555312 0.07745933384972886 0.1549186676994578
17 0.3648334624322231 0.11618540080555312 0.07745933384972886 0.1549186676994578
17 0.18396591789310612 0.15025910777167317 0.1200619674670797 0.23239480140470792
17 0.060030983733539836 0.12855369443822784 0.1200619674670797 0.23239480140470792
15 0.3880712625871417 0.5274800636714523 0.10069713400464736 0.1967395080402308
15 0.5236250968241672 0.5228289036714282 0.10069713400464736 0.1967395080402308
15 0.6653756777691712 0.5429839303381989 0.10069713400464736 0.1967395080402308
15 0.78001549186677 0.5181777436714041 0.10069713400464736 0.1967395080402308
18 0.7327652982184354 0.8949217036733483 0.10069713400464736 0.1967395080402308
18 0.581719597211464 0.8809682236732763 0.10069713400464736 0.1967395080402308
18 0.41440743609604963 0.8685651303398788 0.10069713400464736 0.1967395080402308
