18 0.10910912060802232 0.1059690055013204 0.0931267718610983 0.12112193640829981
18 0.20394988213527632 0.09530418091191031 0.0931267718610983 0.12112193640829981
18 0.3022186229948407 0.09149531498712099 0.0931267718610983 0.12112193640829981
18 0.4033440132979969 0.09911304683669962 0.0931267718610983 0.12112193640829981
18 0.4033440132979969 0.09911304683669962 0.0931267718610983 0.12112193640829981
18 0.5001844294357641 0.0975895004667834 0.09826874085956576 0.12112193640829914
18 0.6001671599614836 0.09454240772695194 0.09826874085956576 0.12112193640829914
18 0.698435900821048 0.0975895004667834 0.09826874085956576 0.12112193640829914
18 0.8001326210129226 0.09225708817207835 0.09826874085956576 0.12112193640829914
18 0.9001153515386419 0.08692467587737332 0.09826874085956576 0.12112193640829914
18 0.9058286504258257 0.21642611732021014 0.09826874085956576 0.12112193640829914
18 0.8081312394549797 0.2217585296149151 0.09826874085956576 0.12112193640829914
18 0.7047205295969495 0.2202349832449994 0.09826874085956576 0.12112193640829914
18 0.6087371082922585 0.22175852961491516 0.09826874085956576 0.12112193640829914
18 0.5087543777665388 0.21947321006004153 0.09826874085956576 0.12112193640829914
18 0.4024870184649167 0.22632916872466222 0.09826874085956576 0.12112193640829914
18 0.30421827760535225 0.22023498324499927 0.09826874085956576 0.12112193640829914
18 0.199093578081167 0.22023498324499927 0.09826874085956576 0.12112193640829914
18 0.10368148666519456 0.2278527150945778 0.09826874085956576 0.12112193640829914
18 0.09911084755544737 0.3565923833524567 0.09826874085956576 0.12112193640829914
18 0.10311015677647614 0.4959968761997457 0.09826874085956576 0.12112193640829914
18 0.10082483722160235 0.6384484617868654 0.0982687408595656 0.13788094647737295
18 0.09682552800057355 0.774805861894323 0.0982687408595656 0.13788094647737295
18 0.09568286822313674 0.914210354741612 0.0982687408595656 0.13788094647737295
18 0.1968082585262932 0.9157339011115275 0.0982687408595656 0.13788094647737295
18 0.3042182776053519 0.9134485815566536 0.0982687408595656 0.13788094647737295
18 0.40762898746338183 0.9263987257009373 0.0982687408595656 0.13788094647737295
18 0.5184669858747508 0.9263987257009376 0.0982687408595656 0.13788094647737295
18 0.6298763141748384 0.9218280865911899 0.0982687408595656 0.13788094647737295
18 0.7332870240328683 0.9248751793310211 0.0982687408595656 0.13788094647737295
18 0.8349837442247425 0.7809000473739844 0.0982687408595656 0.13788094647737295
18 0.8401257132232081 0.9241134061460626 0.0982687408595656 0.13788094647737295
18 0.939537113860209 0.7641410373049111 0.0982687408595656 0.13788094647737295
18 0.9303958356407145 0.630068956752327 0.0982687408595656 0.13788094647737295
18 0.8315557648924318 0.6361631422319899 0.0982687408595656 0.13788094647737295
18 0.7235744159246544 0.6323542763072006 0.0982687408595656 0.13788094647737295
18 0.730430374589275 0.7778529546341525 0.0982687408595656 0.13788094647737295
18 0.6264483348425266 0.7786147278191103 0.0982687408595656 0.13788094647737295
18 0.519609645652186 0.7816618205589417 0.0982687408595656 0.13788094647737295
18 0.41448494612800074 0.7801382741890258 0.0982687408595656 0.13788094647737295
18 0.30250428793919476 0.7679499032296998 0.0982687408595656 0.13788094647737295
18 0.1962369286375727 0.7702352227845732 0.0982687408595656 0.13788094647737295
18 0.20023623785860145 0.6285454103824105 0.0982687408595656 0.13788094647737295
18 0.30421827760534986 0.6315925031222418 0.0982687408595656 0.13788094647737295
18 0.4087716472408165 0.6346395958620732 0.0982687408595656 0.13788094647737295
18 0.5161816663198753 0.6346395958620731 0.0982687408595656 0.13788094647737295
18 0.6127364175132842 0.49294978345991014 0.0982687408595656 0.13788094647737295
18 0.6201637060666233 0.6361631422319883 0.0982687408595656 0.13788094647737295
18 0.7184324469261878 0.4937115566448677 0.0982687408595656 0.13788094647737295
18 0.8195578372293443 0.4891409175351204 0.0982687408595656 0.13788094647737295
18 0.5116110272101277 0.49294978345990964 0.0982687408595656 0.13788094647737295
18 0.40762898746337917 0.4967586493846989 0.0982687408595656 0.13788094647737295
18 0.3019329580504755 0.4921880102749514 0.0982687408595656 0.13788094647737295
18 0.20423554707962946 0.48914091753511996 0.0982687408595656 0.13788094647737295
18 0.20252155741347422 0.35659238335245147 0.0982687408595656 0.13788094647737295
18 0.30364694771663064 0.35354529061261997 0.0982687408595656 0.13788094647737295
18 0.4030583483536318 0.3611630224621986 0.0982687408595656 0.13788094647737295
18 0.5053263984342249 0.3588777029073249 0.0982687408595656 0.13788094647737295
18 0.6127364175132837 0.35278351742766195 0.0982687408595656 0.13788094647737295
18 0.7092911687066927 0.35506883698253555 0.0982687408595656 0.13788094647737295
18 0.8132732084534411 0.3558306101674933 0.0982687408595656 0.13788094647737295
18 0.9149699286453153 0.3497364246878304 0.0982687408595656 0.13788094647737295
18 0.924682536753528 0.48609382479528795 0.0982687408595656 0.13788094647737295
