7 0.6759952084136157 0.7739297377654065 0.27452210995702436 0.2822160449907838
7 0.8531560096524609 0.7847736487476658 0.2936879806950802 0.3566905605624837
7 0.7040553603633103 0.11485310570921828 0.23562784053627125 0.22970621141843545
7 0.39363827703292925 0.1870200510273975 0.3386353317096823 0.36877313049867666
7 0.18672024921291452 0.5717754077939082 0.4987788795734406 0.5849775012516713
7 0.12970616723878386 0.8544279552389605 0.16932603605908142 0.14617374321441587
7 0.07142895531670108 0.3934908969279145 0.3172760358099521 0.36160610291059897
7 0.21353507611625147 0.14318968126236797 0.2555795764531163 0.2863793625247363
7 0.03998827643680774 0.07518922324041019 0.14212259100548122 0.1503784464808203
5 0.49822588273177076 0.448181370887677 0.5338478033424682 0.6285546761899277
5 0.39089512233447465 0.7890002306250109 0.25984944056939396 0.2557189850184025
5 0.7726061083922652 0.4825405801784218 0.4306061730785396 0.48807148429214964
5 0.9361181652193958 0.062437393698945624 0.12776366956120655 0.12487478739789236
