13 0.14513597122159128 0.1315789473684211 0.22779780839010108 0.23886639676113372
13 0.8476841117485558 0.1275303643724697 0.22779780839010108 0.23886639676113372
16 0.1477380013716913 0.3744939271255061 0.22779780839010108 0.23886639676113372
16 0.8450820815984561 0.37314439946018907 0.22779780839010108 0.23886639676113372
19 0.8489851268236059 0.6295546558704455 0.22779780839010108 0.23886639676113372
19 0.14903901644674122 0.6268556005398113 0.22779780839010108 0.23886639676113372
12 0.1516410465968411 0.8670715249662619 0.22779780839010108 0.23886639676113372
12 0.8450820815984561 0.8711201079622133 0.22779780839010108 0.23886639676113372
13 0.4995859737609236 0.1296079276041722 0.23499726737857937 0.02326157779030915
16 0.49691438133852595 0.3761454310996262 0.23499726737857937 0.02326157779030915
19 0.5002538718665227 0.6212978924406087 0.24034045222337538 0.023261577790309008
12 0.4972483303913247 0.8664503537815896 0.2356651654841805 0.023261577790308956
