17 0.06339180834095207 0.6963562753036437 0.10594766529034222 0.16194331983805652
17 0.17372354128307235 0.6990553306342782 0.10594766529034222 0.16194331983805652
17 0.2797115052117233 0.7017543859649124 0.10594766529034222 0.16194331983805652
17 0.3830932077322926 0.7098515519568153 0.10594766529034222 0.16194331983805652
17 0.48908117166094356 0.716599190283401 0.10594766529034222 0.16194331983805652
17 0.5968066431949823 0.7152496626180839 0.10594766529034222 0.16194331983805652
17 0.7001883457155516 0.7287449392712553 0.10594766529034222 0.16194331983805652
17 0.8070450634468965 0.7287449392712553 0.10594766529034222 0.16194331983805652
17 0.909558012164772 0.746288798920378 0.10594766529034222 0.16194331983805652
17 0.9017392279405269 0.5836707152496626 0.10594766529034218 0.14979757085020232
17 0.06860433115711521 0.8522267206477736 0.1059476652903422 0.13090418353576216
18 0.6908122665684605 0.558029689608637 0.09640409934649168 0.13900134952766507
18 0.5917743330613604 0.5458839406207826 0.09640409934649168 0.13900134952766507
17 0.7948825102091821 0.5607287449392712 0.10594766529034218 0.14979757085020232
15 0.7989295186361605 0.28205128205128205 0.09379607045427373 0.14304993252361675
15 0.7007603389317542 0.2753036437246964 0.09379607045427373 0.14304993252361675
15 0.6034599130300418 0.26450742240215924 0.09379607045427373 0.14304993252361675
15 0.5061594871283295 0.2780026990553306 0.09379607045427373 0.14304993252361675
15 0.4088590612266171 0.25371120107962214 0.09379607045427373 0.14304993252361675
15 0.3132961429302924 0.23481781376518218 0.09379607045427373 0.14304993252361675
15 0.2159957170285801 0.2510121457489879 0.09379607045427373 0.14304993252361675
15 0.12043279873225547 0.24021592442645076 0.09379607045427373 0.14304993252361675
11 0.4210578083402167 0.4139014247216485 0.06773522385759413 0.09581646423751683
11 0.4927631901845952 0.4170492477999867 0.06773522385759413 0.09581646423751683
11 0.562848111422321 0.4069762139493042 0.06773522385759413 0.09581646423751683
11 0.6333381478117098 0.4031988262552981 0.06773522385759413 0.09581646423751683
11 0.7078793357177304 0.41704924779998653 0.06773522385759413 0.09581646423751683
11 0.7743182205904878 0.425233587803666 0.06773522385759413 0.09581646423751683
11 0.8448082569798765 0.42649271703500125 0.06773522385759413 0.09581646423751683
11 0.9092215660943171 0.4598596416653866 0.06773522385759406 0.09959385193152308
13 0.5822618748383096 0.10863697705802969 0.10160318928321865 0.1524966261808367
13 0.6899873463723484 0.11538461538461538 0.10160318928321865 0.1524966261808367
13 0.7959753103009993 0.11808367071524967 0.10160318928321865 0.1524966261808367
13 0.904569535637732 0.1261808367071525 0.10160318928321865 0.1524966261808367
