9 0.5650938386780266 0.7722438447830569 0.3190875822261905 0.3109673193667905
6 0.3936368101993623 0.3100994922933316 0.028620875674921303 0.41938657649045546
9 0.5650938386780266 0.7722438447830569 0.3190875822261905 0.3109673193667905
9 0.8169375137031345 0.8101841270715178 0.33358273490596363 0.2318278388867587
9 0.8551343683515255 0.7290175436102458 0.27077863518950124 0.16969994876019698
9 0.8559965273524349 0.6479531286775202 0.2566383025492459 0.12838099041233028
9 0.8559965273524349 0.6479531286775202 0.2566383025492459 0.12838099041233028
9 0.8334515127825487 0.569111955628582 0.27125165037527493 0.17158657471717903
9 0.7878292589877398 0.4888596965703991 0.275719734277462 0.22267547595839474
9 0.7624390133497585 0.436077270688209 0.27241761395707564 0.23768299758328784
9 0.7377400051976991 0.4017386153821313 0.26200191297948094 0.2564976256479633
9 0.7164746571548513 0.30685235182109094 0.16139639064677597 0.15586787689046053
9 0.6907165759514636 0.29224597345029857 0.18407712681677055 0.20480766051321894
9 0.5653546300898127 0.48402118252580023 0.2939610523277267 0.405224378740504
9 0.5771394916382772 0.3342815157858297 0.16829790280712764 0.2808937243399282
9 0.5419804130322035 0.32998893229806486 0.13935104779353005 0.28086792956789003
9 0.49425827255253296 0.39349193944794864 0.1462418580784 0.3607032094428837
9 0.4432275793022804 0.33486384196814917 0.06924095933539391 0.2661738895295083
6 0.3460020939574956 0.33672707334607177 0.11517740943371166 0.4224258263966885
6 0.3640325412452916 0.3100994922933316 0.028620875674921303 0.41938657649045546
6 0.3111548367295755 0.3983867422958581 0.20814537705870556 0.4090826514968887
6 0.2747499404207279 0.4318552184791919 0.17784427832377736 0.3967867755594308
6 0.24142585520146048 0.4942190271930255 0.3193959500716045 0.39539633110074873
6 0.21926952533918415 0.5757165953289928 0.35598758924508916 0.3277824840915575
6 0.21229799059536578 0.646180728785301 0.37739607320596547 0.2990432885422979
6 0.2305831265065385 0.7234415211180596 0.41640805827472815 0.20384456284617436
6 0.2514596310800994 0.8671729474275687 0.4199471227610797 0.0686069912486272
2 0.16423306342551386 0.9435206290138756 0.17408822135236457 0.09074231746890803
2 0.281340044860489 0.957937353633133 0.23420754743112585 0.08332246147047898
2 0.4555093724326925 0.973448972979303 0.05291368592577754 0.052293907362718814
2 0.4070660391987119 0.9637789658153839 0.10222291106095739 0.07244206836923127
