10 0.07784663051897754 0.22208620194677522 0.09372579395817202 0.2448364958047376
10 0.06855151045701004 0.739947129591652 0.09217660728117734 0.25346146332811126
14 0.1901626646010844 0.2210006540365642 0.09682416731216115 0.2860036942143835
14 0.1870642912470953 0.7502110918110021 0.09682416731216115 0.2860036942143835
17 0.3268783888458559 0.24809313953536993 0.1409759876065065 0.3791891689685018
17 0.3272656855151044 0.7621213106523439 0.14020139426800937 0.3791891689685017
11 0.47134004647560007 0.24159415586777283 0.09837335398915581 0.26219425944990493
11 0.47056545313710274 0.757791222221528 0.09837335398915581 0.26219425944990493
15 0.5898528272656859 0.2578289616808285 0.12161115414407508 0.32935739252993956
15 0.5968241673121615 0.7696882375610227 0.12161115414407508 0.32935739252993956
18 0.738574748257165 0.26866353523834585 0.13090627420604192 0.36400470172739735
18 0.7455460883036404 0.7675094396978571 0.13090627420604192 0.36400470172739735
13 0.8958171959721138 0.26434334943391447 0.1510457010069704 0.42033876270901804
13 0.9136328427575516 0.7718648348405478 0.1510457010069704 0.42033876270901804
