11 0.8360814899790691 0.1486291235269083 0.07944873708149472 0.062465401166545025
17 0.6505455673344316 0.14748646374947075 0.10842661600329023 0.09217455537990096
14 0.4701503224663464 0.14596291737955577 0.08412219220393523 0.0723684525709974
10 0.29863279945890775 0.14977178330434512 0.08131738198167358 0.06627426709133416
15 0.38556213618963014 0.2796541113396598 0.11310154542332305 0.08836568945511221
18 0.5678245516602989 0.276987905192308 0.11309761396306897 0.09369810174981805
13 0.7762605272630279 0.2743216990449555 0.12057514215897436 0.10512469952418585
10 0.38976671007316427 0.4461015522529508 0.08038477954544582 0.06322717435150377
14 0.558944372636996 0.44648243884543243 0.08973033835086448 0.0746537721258718
17 0.7463485716074151 0.4438162326980804 0.11496699601204557 0.09674519448964873
11 0.3019056923422118 0.5622719629590267 0.08599108282037976 0.06703604027629236
11 0.46734489795342116 0.5649381691063803 0.08038342810598284 0.06779781346125101
15 0.652415195099673 0.563033736143984 0.10843054746353867 0.08988923582502822
15 0.8496344484050755 0.5641763959214177 0.1084272302939517 0.08760391627015568
18 0.2930268647583693 0.7234763338602888 0.11684006380500939 0.0959834213046947
18 0.46503261916065425 0.7227145606753308 0.11684006380500939 0.0959834213046947
13 0.6538650234501173 0.7234763338602856 0.12618820263121885 0.10664824589410499
13 0.8483063110353086 0.7227145606753277 0.12618820263121885 0.10664824589410499
13 0.29816680538612383 0.9040165786952993 0.10468932620292894 0.08227150397545312
16 0.47671625696675535 0.9047783518802561 0.10468932620292874 0.08988923582503347
19 0.662276812667043 0.9040165786952917 0.11123302338127822 0.0959834213046988
12 0.8403588573063574 0.9036356921028035 0.11964634832486407 0.09826874085957464
