11 0.44836020036177204 0.3531918496796579 0.17424563783587832 0.18685055357037167
11 0.8412567369865647 0.5563974322694721 0.1896598584724195 0.19972474069306345
11 0.22517167871648613 0.3472880854751124 0.18427643053459397 0.17939529418945313
11 0.7302537860292376 0.37029588872736147 0.1608551025390625 0.18219782511393232
11 0.38243127302689983 0.553377509839607 0.18088580044833097 0.18956835197679925
11 0.9522951993075285 0.3263957283713601 0.09540960138494319 0.19667633519028171
11 0.1256626866080544 0.5413710391882693 0.17631296389030687 0.17279778682824337
11 0.5939852627840909 0.5288326610218396 0.1646761807528409 0.18600755171342329
11 0.8304372382886482 0.17829344489357687 0.1861995350230824 0.1946823640303178
11 0.6011008060339725 0.2022534803910689 0.17618417450875948 0.18424624818744081
11 0.5626984336159445 0.7480153864080257 0.1807416048916903 0.19411334413470643
11 0.7690130985144412 0.7703633395108309 0.20811749082623104 0.2025498361298532
11 0.3483741182269472 0.1640811573375355 0.18701049342299952 0.18800266150272255
11 0.23418618404504024 0.7241124239834872 0.19523805560487686 0.19326555656664296
11 0.4069888028231534 0.9045473503343986 0.18379627574573865 0.1906655976266572
11 0.1257020534496193 0.1438382423577784 0.18701049342299958 0.1880026615027225
11 0.19241390403772826 0.9181624778398426 0.1837962757457386 0.16367504432031418
11 0.03724226742752517 0.7643163239936885 0.07448453485505034 0.16367504432031413
11 0.03724226742752517 0.370254245721084 0.07448453485505034 0.16367504432031413
