11 0.33064433061261345 0.6106612685560056 0.09567933481346047 0.12280701754385955
11 0.3348778734870663 0.4716599190283402 0.09567933481346047 0.12280701754385955
11 0.12997439836355196 0.29622132253711214 0.09567933481346047 0.12280701754385955
14 0.4572286908417651 0.5647773279352226 0.09313917548212963 0.1255060728744939
14 0.5969356056987067 0.22469635627530363 0.09313917548212963 0.1255060728744939
14 0.7586569435028025 0.16261808367071523 0.09313917548212963 0.11740890688259106
14 0.7281754348067427 0.39608636977058026 0.09313917548212963 0.1255060728744939
14 0.2684126786411713 0.37044534412955454 0.09313917548212963 0.1255060728744939
14 0.2955073530376691 0.09919028340080961 0.09313917548212963 0.1255060728744939
14 0.4191268049716902 0.12348178137651811 0.09313917548212963 0.1255060728744939
14 0.4521484393924219 0.29487179487179477 0.09313917548212963 0.1255060728744939
17 0.532586566167954 0.12550607287449386 0.1032993311120051 0.1430499325236167
17 0.8297812759545385 0.5229419703103911 0.11684666831025398 0.16599190283400808
17 0.4970248060225503 0.9170040485829959 0.11684666831025398 0.16599190283400808
17 0.2878877880245831 0.7921727395411605 0.11684666831025399 0.20242914979757087
17 0.20152351338574648 0.6383265856950068 0.11684666831025399 0.20242914979757087
17 0.13886707884384542 0.44804318488529016 0.11684666831025399 0.20242914979757087
17 0.16342162751567144 0.1329284750337381 0.11684666831025395 0.1713900134952767
14 0.03810232835775362 0.8947368421052628 0.07620465671550725 0.21052631578947406
14 0.021167994427756732 0.6977058029689609 0.042335988855513464 0.14574898785425092
10 0.8920193411967676 0.7476383265856953 0.07705149971703444 0.12955465587044526
13 0.5910104548329567 0.6039136302294195 0.12531415733906914 0.20377867746288802
11 0.6981204786318568 0.5263157894736845 0.07027774150015233 0.12145748987854214
15 0.8784718807741018 0.2442645074224021 0.10075965347612209 0.12955465587044535
13 0.9402944577317459 0.43319838056680104 0.10247691303869766 0.1808367071524968
13 0.339958029717542 0.2354925775978407 0.12108040162244185 0.1659919028340081
15 0.5207325845072777 0.28542510121457476 0.0575766311813459 0.13360323886639666
17 0.6109083639939377 0.3906882591093119 0.0956793348134603 0.16329284750337375
17 0.4728948662867774 0.44466936572199706 0.11092008916149025 0.14709851551956768
18 0.023284793870532408 0.23819163292847503 0.046569587741064816 0.15519568151147098
13 0.02582495320186322 0.48110661268556 0.05164990640372644 0.17678812415654527
