11 0.1171630094043887 0.48079181427282414 0.07758620689655171 0.11427578337115199
11 0.36990595611285243 0.6981971642554536 0.07366771159874591 0.12265326698434736
11 0.7605799373040756 0.4403789680616919 0.08228840125391816 0.11706299759971658
11 0.8405172413793109 0.35188711643358295 0.08385579937303966 0.12682968806955522
11 0.589341692789968 0.29265793402505547 0.08307210031347947 0.13100874930934647
11 0.9639498432601861 0.0933734367599725 0.07210031347962333 0.12823297575064413
11 0.05250783699059557 0.6236347833837078 0.07993730407523503 0.09338047717219533
10 0.23432601880877743 0.8723980535407457 0.09247648902821318 0.11985021182828134
11 0.4220219435736676 0.4062364738133025 0.08072100313479623 0.10173331934261086
15 0.4545454545454545 0.1567808003567634 0.0956112852664576 0.12960546162825776
18 0.6649686520376176 0.563714077727207 0.1105015673981191 0.1546903896853398
18 0.538793103448276 0.6333953134928519 0.10736677115987461 0.15747760391390464
18 0.9498432601880877 0.33377022394791245 0.0924764890282132 0.15190757571441468
18 0.23785266457680254 0.16722141304401872 0.1057993730407523 0.15888529185263295
11 0.22374608150470215 0.47591682952741965 0.08699059561128525 0.08222281974265805
17 0.3146551724137931 0.5010017575845018 0.08385579937304076 0.13517989008538714
17 0.4130094043887147 0.5699853097414777 0.07210031347962385 0.0975524979997639
17 0.6681034482758621 0.7413989847982058 0.09796238244514115 0.1114885691425873
17 0.7895768025078369 0.8703076428693223 0.09012539184952971 0.08222281974265812
17 0.8409090909090909 0.489852900670243 0.07053291536050153 0.09615889088548159
11 0.6637931034482759 0.057137891685575995 0.057993730407523356 0.08361642685694047
11 0.8166144200626958 0.16166282551439085 0.04702194357366774 0.06690194200083108
11 0.7601880877742947 0.2473652627851156 0.04858934169278996 0.09894610511404625
11 0.6195141065830722 0.8717012499836045 0.03213166144200628 0.10173331934261086
18 0.05642633228840126 0.9253551238834747 0.09717868338557994 0.1365734971996693
11 0.12068965517241381 0.06340912369984654 0.05956112852664577 0.09337167665691687
17 0.911833855799373 0.9358071772405923 0.08855799373040753 0.12124381894256374
17 0.7793887147335422 0.965464776170302 0.08699059561128522 0.06907044765939602
15 0.8530564263322884 0.6417560761270181 0.08385579937304072 0.09894610511404622
11 0.8875391849529781 0.8075953227266168 0.04310344827586192 0.06828674859983465
11 0.8714733542319749 0.7407021812410645 0.04858934169278996 0.04877624899988206
17 0.019592476489028215 0.0668931414855524 0.03918495297805643 0.11985021182828136
17 0.02311912225705329 0.47731043664170186 0.04623824451410658 0.12681824739969308
