13 0.10301513595120529 0.09066972012321156 0.11040548251668213 0.14079167693853378
18 0.44474870770030345 0.22446857392787933 0.09702996420908262 0.1237233777840932
18 0.7648638412506287 0.23510341842969262 0.09778937295648893 0.12422508001327515
11 0.5371489342549438 0.7442735036214192 0.07156694439095511 0.088046391805013
11 0.7757895947462117 0.7471299171447755 0.07171477350430709 0.08765109380086261
15 0.663940224798888 0.22760314246018723 0.09897366375990319 0.12458140651384991
11 0.6988591092453156 0.7406097650527955 0.07040079834475603 0.08692749341328937
13 0.22066778724102426 0.08714271585146585 0.11015365876902038 0.14170247316360474
11 0.6195828228649239 0.8393910725911458 0.06976742044061242 0.08870140711466473
18 0.7671495280275402 0.36882915099461877 0.09808103995064135 0.12401362260182697
11 0.7819283560248209 0.8431748946507771 0.06489136233416122 0.0816935698191325
11 0.1210014105322855 0.7476649681727092 0.0718456629056566 0.08672134081522626
11 0.20007857662331413 0.7483111619949342 0.07213153493716204 0.08758457501729328
15 0.3382599214672803 0.5027122894922892 0.09168337048659142 0.11687437693277997
11 0.616935806734941 0.7364356120427449 0.07082386899522133 0.08993252118428546
15 0.2304760954029843 0.6329006950060526 0.08797319746113401 0.11239898204803467
11 0.279899927212199 0.7434381643931072 0.0711572750713264 0.08952442804972333
15 0.6710551087285431 0.6306651631991069 0.09011116258095447 0.11196736494700116
15 0.226752152625224 0.5050003329912821 0.0878926359671702 0.11190696557362872
18 0.33454988659987267 0.2297602891921997 0.09767838598976672 0.12553906440734863
14 0.16240559353435063 0.9400675694147744 0.07216183760276502 0.09554266929626465
10 0.6680799004995763 0.9302025067051872 0.06968495543573944 0.08746441205342609
11 0.367529134155519 0.7510361671447754 0.07001877598599408 0.08772134780883789
18 0.6635703810263927 0.3719064096609752 0.09352630676637955 0.12029725313186646
18 0.22070752303125393 0.2341529329617818 0.09779543655978844 0.12572197119394937
18 0.33541317484988054 0.08744513864318532 0.09698418784189512 0.12506411721309027
15 0.1141819445420079 0.5067936579386393 0.0889795944244569 0.11334697405497235
18 0.4429100389691666 0.08638961613178253 0.09801254425969881 0.12264900406201679
17 0.8728280633508079 0.7563151121139527 0.10162961411044391 0.13178022702534994
15 0.4503020165671765 0.5042664011319479 0.08781574333697498 0.11235837141672772
18 0.21885949792996257 0.3738704522450764 0.10060973138636506 0.12794160842895508
14 0.20493924780656284 0.8452672775928548 0.07146988068548006 0.09423359235127765
10 0.422436013787805 0.9399532874425254 0.06620447784362425 0.08673691749572754
15 0.3422749479052047 0.6380540728569031 0.09125262438891159 0.11085760593414307
18 0.8625881671404368 0.09084001329944756 0.09649676624198315 0.12279343853394192
10 0.24535463513502895 0.9401057163874309 0.06752170739279427 0.08945552508036297
11 0.10228951068471374 0.23738828301429749 0.09816465627259652 0.12464386224746704
18 0.33527797952264365 0.3699805736541748 0.09801856181031501 0.12702504793802896
11 0.45608270288233305 0.7460133632024128 0.07152862855846014 0.0871454079945882
18 0.10473239062057893 0.37457691629727674 0.09796316043232048 0.12491554021835327
18 0.444787008181904 0.365645041068395 0.09901026029222208 0.12563476959864298
11 0.5366558021223041 0.8472948869069417 0.06831980039416184 0.0858279863993327
18 0.7611372581190267 0.09576736018061638 0.09479447485695422 0.12007192522287369
11 0.6985567273268518 0.842233379681905 0.06814305019570548 0.08722678820292157
15 0.562356929663921 0.5017569462458292 0.08805788834569919 0.112704594930013
18 0.44081662214497924 0.6333223382631937 0.08697098361654301 0.11030733585357666
18 0.5551574522820517 0.22774188220500946 0.09925919039628395 0.12315780917803448
15 0.6706865951568787 0.5058495203653971 0.08782197580011317 0.11023084322611493
15 0.552902774311887 0.36763012409210205 0.09897022515955106 0.12486775716145831
15 0.5577973148952308 0.6289189259211222 0.0883770027390908 0.11255987485249835
15 0.7766863632969694 0.6315212249755859 0.09045446998396629 0.11460955937703449
18 0.10242841900954065 0.2366109391053518 0.09772058943627586 0.12418995300928753
11 0.45748657287966077 0.846379280090332 0.06690567599935551 0.08436155319213867
14 0.3739540054044973 0.8557107448577882 0.07317123566594881 0.09198888142903644
18 0.7743624220911406 0.5015769600868226 0.08755425620127012 0.10952524344126385
18 0.3291821853975415 0.9438586235046387 0.06884538431762449 0.0877070426940918
10 0.32904045058927783 0.9443727731704711 0.06869393239318725 0.08837358156840008
10 0.7419992059289329 0.928531567255656 0.0720354229871416 0.08941618601481122
16 0.8708283944388989 0.6209147572517395 0.08838498520419391 0.11104762554168701
18 0.5526470898142762 0.3675589462121328 0.098236083984375 0.1233156720797221
15 0.8712762721347618 0.6205571889877319 0.08876077509981765 0.11073406537373859
18 0.5844011210819605 0.9357055028279624 0.06866455078125 0.08599710464477539
18 0.4453931075466471 0.36559846003850294 0.09836463237432407 0.12520992755889893
11 0.865662941270671 0.23582854866981506 0.09848268075248365 0.12351324160893756
15 0.44051021829217496 0.633724570274353 0.08866375744702591 0.11129053433736164
14 0.2876416519134337 0.8484782377878826 0.07267088861292756 0.0940820376078288
15 0.5575080272897149 0.6288236776987711 0.08787720831826899 0.1125798225402832
10 0.5057359538087902 0.9388222694396972 0.06978970993932344 0.08782927195231122
10 0.882335271393989 0.8718928893407187 0.06973763970542002 0.08363652229309082
15 0.8715229610082369 0.49723589420318604 0.08762474750848843 0.11197376251220703
18 0.8663468850210638 0.23567913969357812 0.09719486351703974 0.1233401894569397
15 0.7736759300922723 0.5017036596934 0.08877532774773642 0.11046012242635089
18 0.551861691286993 0.08638961613178249 0.09801254425969881 0.12264900406201679
18 0.6586770366966266 0.08731136168558151 0.09801254425969881 0.12264900406201679
18 0.8654196458044032 0.36698565988702064 0.09808103995064135 0.12401362260182697
15 0.12294864769061946 0.6356659316674496 0.08797319746113401 0.11239898204803467
10 0.8196702687536704 0.9244323859072625 0.06973763970542002 0.08363652229309082
14 0.1266079945061646 0.8452672775928548 0.07146988068548006 0.09423359235127765
